 x0:   1.4135331235165747     
 y0:   1.9930290731607760     
 R:   1.7881791329386998     
