tnmo=1.95652,1.99055,2.02457
vnmo=1616.39,1616.39,1616.39
